######### Homework 2/2/23##########
# Data 
length <- c(2.2,2.1,2.7,3.0,3.1,2.5,1.9,1.1,3.5,2.9)
width <- c(1.3,2.2,1.5,4.5,3.1,NA,1.8,0.5,2.0,2.7)
height <- c(9.6,7.6,2.2,1.5,4.0,3.0,4.5,2.3,7.5,3.2)
######volume of each shrub 
length*width*height
volume <- length*width*height
### Sum of the volume of the shrubs
sum (volume)
lengths <-c(2.5)
#### 3 
height*lengths > 2.5
##### 4
height*height >5
c(1,2,3,4,5)
##### 5 and 6 
height [c(1,2,3,4,5)]
volume [c(1,2,3)]
